 81   464  10.00000810440   3.0520
 81   464  20.00000810440   3.0520
 81   464  30.00000810440   3.0520
 81   464  40.00000810440   3.0520
 81   464  50.00000810440   3.0520
 81   464  60.00000810440   3.0520
 81   464  70.00000810440   3.0520
 81   464  80.00000810440   3.0520
 81   464  90.00000810440   3.0520
 81   464 100.00000810440   3.0520
 81   464 110.00000810440   3.0520
 81   464 120.00000810440   3.0520
 81   465  10.00000810440   3.0520
 81   465  20.00000810440   3.0520
 81   465  30.00000810440   3.0520
 81   465  40.00000810440   3.0520
 81   465  50.00000810440   3.0520
 81   465  60.00000810440   3.0520
 81   465  70.00000810440   3.0520
 81   465  80.00000810440   3.0520
 81   465  90.00000810440   3.0520
 81   465 100.00000810440   3.0520
 81   465 110.00000810440   3.0520
 81   465 120.00000810440   3.0520
 81   515  10.00000810440   3.0520
 81   511  10.00000810440   3.0520
 81   511  20.00000810440   3.0520
 81   511  30.00000810440   3.0520
 81   511  40.00000810440   3.0520
 81   511  50.00000810440   3.0520
 81   511  60.00000810440   3.0520
 81   511  70.00000810440   3.0520
 81   511  80.00000810440   3.0520
 81   511  90.00000810440   3.0520
 81   511 100.00000810440   3.0520
 81   511 110.00000810440   3.0520
 81   511 120.00000810440   3.0520
 81   512  10.00000810440   3.0520
 81   512  20.00000810440   3.0520
 81   512  30.00000810440   3.0520
 81   512  40.00000810440   3.0520
 81   512  50.00000810440   3.0520
 81   512  60.00000810440   3.0520
 81   512  70.00000810440   3.0520
 81   512  80.00000810440   3.0520
 81   512  90.00000810440   3.0520
 81   512 100.00000810440   3.0520
 81   512 110.00000810440   3.0520
 81   512 120.00000810440   3.0520
 81   513  10.00000810440   3.0520
 81   513  20.00000810440   3.0520
 81   513  30.00000810440   3.0520
 81   513  40.00000810440   3.0520
 81   513  50.00000810440   3.0520
 81   513  60.00000810440   3.0520
 81   513  70.00000810440   3.0520
 81   513  80.00000810440   3.0520
 81   513  90.00000810440   3.0520
 81   513 100.00000810440   3.0520
 81   513 110.00000810440   3.0520
 81   513 120.00000810440   3.0520
 81   514  10.00000810440   3.0520
 81   514  20.00000810440   3.0520
 81   514  30.00000810440   3.0520
 81   514  40.00000810440   3.0520
 81   514  50.00000810440   3.0520
 81   514  60.00000810440   3.0520
 81   514  70.00000810440   3.0520
 81   514  80.00000810440   3.0520
 81   514  90.00000810440   3.0520
 81   514 100.00000810440   3.0520
 81   514 110.00000810440   3.0520
 81   514 120.00000810440   3.0520
 81   515  10.00000810440   3.0520
 81   515  20.00000810440   3.0520
 81   515  30.00000810440   3.0520
 81   515  40.00000810440   3.0520
 81   515  50.00000810440   3.0520
 81   515  60.00000810440   3.0520
 81   515  70.00000810440   3.0520
 81   515  80.00000810440   3.0520
 81   515  90.00000810440   3.0520
 81   515 100.00000810440   3.0520
 81   515 110.00000810440   3.0520
 81   515 120.00000810440   3.0520
 81   521  10.00000836615   3.0292
 81   521  20.00000836615   3.0292
 81   521  30.00000836615   3.0292
 81   521  40.00000836615   3.0292
 81   521  50.00000836615   3.0292
 81   521  60.00000836615   3.0292
 81   521  70.00000621597   3.1221
 81   521  80.00000621597   3.1221
 81   521  90.00000621597   3.1221
 81   521 100.00000621597   3.1221
 81   521 110.00000621597   3.1221
 81   521 120.00000621597   3.1221
 81   522  10.00000836615   3.0292
 81   522  20.00000836615   3.0292
 81   522  30.00000836615   3.0292
 81   522  40.00000836615   3.0292
 81   522  50.00000836615   3.0292
 81   522  60.00000836615   3.0292
 81   522  70.00000621597   3.1221
 81   522  80.00000621597   3.1221
 81   522  90.00000621597   3.1221
 81   522 100.00000621597   3.1221
 81   522 110.00000621597   3.1221
 81   522 120.00000621597   3.1221
 81   523  10.00000836615   3.0292
 81   523  20.00000836615   3.0292
 81   523  30.00000836615   3.0292
 81   523  40.00000836615   3.0292
 81   523  50.00000836615   3.0292
 81   523  60.00000836615   3.0292
 81   523  70.00000621597   3.1221
 81   523  80.00000621597   3.1221
 81   523  90.00000621597   3.1221
 81   523 100.00000621597   3.1221
 81   523 110.00000621597   3.1221
 81   523 120.00000621597   3.1221
 81   524  10.00000836615   3.0292
 81   524  20.00000836615   3.0292
 81   524  30.00000836615   3.0292
 81   524  40.00000836615   3.0292
 81   524  50.00000836615   3.0292
 81   524  60.00000836615   3.0292
 81   524  70.00000621597   3.1221
 81   524  80.00000621597   3.1221
 81   524  90.00000621597   3.1221
 81   524 100.00000621597   3.1221
 81   524 110.00000621597   3.1221
 81   524 120.00000621597   3.1221
 81   525  10.00000836615   3.0292
 81   525  20.00000836615   3.0292
 81   525  30.00000836615   3.0292
 81   525  40.00000836615   3.0292
 81   525  50.00000836615   3.0292
 81   525  60.00000836615   3.0292
 81   525  70.00000621597   3.1221
 81   525  80.00000621597   3.1221
 81   525  90.00000621597   3.1221
 81   525 100.00000621597   3.1221
 81   525 110.00000621597   3.1221
 81   525 120.00000621597   3.1221
 81   526  10.00000836615   3.0292
 81   526  20.00000836615   3.0292
 81   526  30.00000836615   3.0292
 81   526  40.00000836615   3.0292
 81   526  50.00000836615   3.0292
 81   526  60.00000836615   3.0292
 81   526  70.00000621597   3.1221
 81   526  80.00000621597   3.1221
 81   526  90.00000621597   3.1221
 81   526 100.00000621597   3.1221
 81   526 110.00000621597   3.1221
 81   526 120.00000621597   3.1221
 81   551  10.00000836615   3.0292
 81   551  20.00000836615   3.0292
 81   551  30.00000836615   3.0292
 81   551  40.00000836615   3.0292
 81   551  50.00000836615   3.0292
 81   551  60.00000836615   3.0292
 81   551  70.00000621597   3.1221
 81   551  80.00000621597   3.1221
 81   551  90.00000621597   3.1221
 81   551 100.00000621597   3.1221
 81   551 110.00000621597   3.1221
 81   551 120.00000621597   3.1221
 81   552  10.00000836615   3.0292
 81   552  20.00000836615   3.0292
 81   552  30.00000836615   3.0292
 81   552  40.00000836615   3.0292
 81   552  50.00000836615   3.0292
 81   552  60.00000836615   3.0292
 81   552  70.00000621597   3.1221
 81   552  80.00000621597   3.1221
 81   552  90.00000621597   3.1221
 81   552 100.00000621597   3.1221
 81   552 110.00000621597   3.1221
 81   552 120.00000621597   3.1221
 81   561  10.00000836615   3.0292
 81   561  20.00000836615   3.0292
 81   561  30.00000836615   3.0292
 81   561  40.00000836615   3.0292
 81   561  50.00000836615   3.0292
 81   561  60.00000836615   3.0292
 81   561  70.00000621597   3.1221
 81   561  80.00000621597   3.1221
 81   561  90.00000621597   3.1221
 81   561 100.00000621597   3.1221
 81   561 110.00000621597   3.1221
 81   561 120.00000621597   3.1221
 81   562  10.00000836615   3.0292
 81   562  20.00000836615   3.0292
 81   562  30.00000836615   3.0292
 81   562  40.00000836615   3.0292
 81   562  50.00000836615   3.0292
 81   562  60.00000836615   3.0292
 81   562  70.00000621597   3.1221
 81   562  80.00000621597   3.1221
 81   562  90.00000621597   3.1221
 81   562 100.00000621597   3.1221
 81   562 110.00000621597   3.1221
 81   562 120.00000621597   3.1221
 81   537  10.00000405973   3.2342
 81   537  20.00000405973   3.2342
 81   537  30.00000405973   3.2342
 81   537  40.00000405973   3.2342
 81   537  50.00000405973   3.2342
 81   537  60.00000405973   3.2342
 81   537  70.00000410735   3.2319
 81   537  80.00000410735   3.2319
 81   537  90.00000410735   3.2319
 81   537 100.00000410735   3.2319
 81   537 110.00000410735   3.2319
 81   537 120.00000410735   3.2319
 81   538  10.00000405973   3.2342
 81   538  20.00000405973   3.2342
 81   538  30.00000405973   3.2342
 81   538  40.00000405973   3.2342
 81   538  50.00000405973   3.2342
 81   538  60.00000405973   3.2342
 81   538  70.00000410735   3.2319
 81   538  80.00000410735   3.2319
 81   538  90.00000410735   3.2319
 81   538 100.00000410735   3.2319
 81   538 110.00000410735   3.2319
 81   538 120.00000410735   3.2319
 81   539  10.00000405973   3.2342
 81   539  20.00000405973   3.2342
 81   539  30.00000405973   3.2342
 81   539  40.00000405973   3.2342
 81   539  50.00000405973   3.2342
 81   539  60.00000405973   3.2342
 81   539  70.00000410735   3.2319
 81   539  80.00000410735   3.2319
 81   539  90.00000410735   3.2319
 81   539 100.00000410735   3.2319
 81   539 110.00000410735   3.2319
 81   539 120.00000410735   3.2319
